### - - - - Important Nodes - - - - 
# If the line contains a # it will be considered as a comment 

### - - - - DEFAULT - - - -
nRun=100
N=1000
a=0.666
deltaab=0.0
beta=0.3
p0=0.9
q=0.1
m=0
l=10
k=51
maxTermRound=100
etaAgreement=0.00
rateRandomness=1.0
enableWS=false
deltaWS=0.2
gammaWS=1.0

### - - - -  CHANGES to the DEFAULT - - - -
p0=.8
#q=0.
enableWS=true
gammaWS=0.

### - - - - additional settings - - - - 
enableRandN_adv=false
enableExtremeBeta=false
enableSaveEta=false

### - - - - strategies - - - - 
# 1. cautious, adversery votes opposite of initial opinion
# 2. cautious, adversery votes the contrary of the more popular opinion of the last round
strategy=2

### - - - - Vectors - - - - 
# vectors of input are supported
# values are seperated by , without space
#a=0.5,0.51,0.52,0.53,0.54,0.55,0.56,0.57,0.58,0.59,0.6,0.61,0.62,0.63,0.64,0.65,0.66,0.67,0.68,0.69,0.7,0.71,0.72,0.73,0.74,0.75,0.76,0.77,0.78,0.79,0.8,0.81,0.82,0.83,0.84,0.85,0.86,0.87,0.88,0.89,0.9,0.91,0.92,0.93,0.94,0.95,0.96,0.97,0.98,0.99,1
#a=0.5,0.505,0.51,0.515,0.52,0.525,0.53,0.535,0.54,0.545,0.55,0.555,0.56,0.565,0.57,0.575,0.58,0.585,0.59,0.595,0.6,0.605,0.61,0.615,0.62,0.625,0.63,0.635,0.64,0.645,0.65,0.655,0.66,0.665,0.67,0.675,0.68,0.685,0.69,0.695,0.7,0.705,0.71,0.715,0.72,0.725,0.73,0.735,0.74,0.745,0.75,0.755,0.76,0.765,0.77,0.775,0.78,0.785,0.79,0.795,0.8,0.805,0.81,0.815,0.82,0.825,0.83,0.835,0.84,0.845,0.85,0.855,0.86,0.865,0.87,0.875,0.88,0.885,0.89,0.895,0.9,0.905,0.91,0.915,0.92,0.925,0.93,0.935,0.94,0.945,0.95,0.955,0.96,0.965,0.97,0.975,0.98,0.985,0.99,0.995,1
#beta=0,0.02,0.04,0.06,0.08,0.1,0.12,0.14,0.16,0.18,0.2,0.22,0.24,0.26,0.28,0.3,0.32,0.34,0.36,0.38,0.4,0.42,0.44,0.46,0.48,0.5
#p0=0.5,0.52,0.54,0.56,0.58,0.6,0.62,0.64,0.66,0.68,0.7,0.72,0.74,0.76,0.78,0.8,0.82,0.84,0.86,0.88,0.9,0.92,0.94,0.96,0.98,1
#p0=0.5,0.51,0.52,0.53,0.54,0.55,0.56,0.57,0.58,0.59,0.6,0.61,0.62,0.63,0.64,0.65,0.66,0.67,0.68,0.69,0.7,0.71,0.72,0.73,0.74,0.75,0.76,0.77,0.78,0.79,0.8,0.81,0.82,0.83,0.84,0.85,0.86,0.87,0.88,0.89,0.9,0.91,0.92,0.93,0.94,0.95,0.96,0.97,0.98,0.99,1
#p0=0.5,0.55,0.6,0.65,0.7,0.75,0.8,0.85,0.9,0.95,1
#q=0,0.01,0.02,0.03,0.04,0.05,0.06,0.07,0.08,0.09,0.1,0.11,0.12,0.13,0.14,0.15,0.16,0.17,0.18,0.19,0.2,0.21,0.22,0.23,0.24,0.25,0.26,0.27,0.28,0.29,0.3
#q=0.1,0.105,0.11,0.115,0.12,0.125,0.13,0.135,0.14,0.145,0.15,0.155,0.16,0.165,0.17,0.175,0.18,0.185,0.19,0.195,0.2,0.205,0.21,0.215,0.22,0.225,0.23,0.235,0.24,0.245,0.25,0.255,0.26,0.265,0.27,0.275,0.28,0.285,0.29,0.295,0.3
#q=0.1,0.11,0.12,0.13,0.14,0.15,0.16,0.17,0.18,0.19,0.2,0.21,0.22,0.23,0.24,0.25,0.26,0.27,0.28,0.29,0.3
#l=1,2,3,4,5,6,7,8,9,10,11,12,13,14,15,16,17,18,19,20,21,22,23,24,25,26,27,28,29,30,32,34,36,39,42,45,48,50,60,70,80,90,100
#l=1,2,3,4,5,6,7,8,9,10,11,12,13,14,15,16,17,18,19,20,21,22,23,24,25,26,27,28,29,30
#N=100,101,102,103,104,105,106,107,108,109,110,111,112,113,114,115,116,117,118,119,120,121,122,123,124,125,126,127,128,129,130
#N=100,120,144,173,208,250,300,360,432,518,622,746,895,1074,1289,1547,1856,2227,2672,3206,3847,4616,5539,6647,7976,10000
#N=20,24,29,35,42,50,60,72,86,103,124,149,179,215,258,310,372,446,535,642,770,924
#k=1,2,3,4,5,6,7,8,9,10,11,12,13,14,15,16,17,18,19,20,21,22,23,24,25,26,27,28,29,30
#k=1,2,3,4,5,6,7,8,9,10,11,12,13,14,15,16,17,18,19,20,21,22,23,24,25,26,27,28,29,30,31,32,33,34,35,36,37,38,39,40,41,42,43,44,45,46,47,48,49,50,51,52,53,54,55,56,57,58,59,60,61,62,63,64,65,66,67,68,69,70,71,72,73,74,75,76,77,78,79,80,81,82,83,84,85,86,87,88,89,90,91,92,93,94,95,96,97,98,99,100,108,119,131,144,158,174,191,210,231,254,279,307,338,372,409,450,495,545,600,660,726,799,879,967,1000
#rateRandomness=0,0.05,0.1,0.15,0.2,0.25,0.3,0.35,0.4,0.45,0.5,0.55,0.6,0.65,0.7,0.75,0.8,0.85,0.9,0.95,1
deltaWS=0,0.01,0.02,0.03,0.04,0.05,0.06,0.07,0.08,0.09,0.1,0.11,0.12,0.13,0.14,0.15,0.16,0.17,0.18,0.19,0.2,0.21,0.22,0.23,0.24,0.25,0.26,0.27,0.28,0.29,0.3,0.32,0.34,0.36,0.38,0.4,0.42,0.44,0.46,0.48,0.5,0.5,0.52,0.54,0.56,0.58,0.6,0.62,0.64,0.66,0.68,0.7,0.72,0.74,0.76,0.78,0.8,0.82,0.84,0.86,0.88,0.9,0.92,0.94,0.96,0.98,1
#gammaWS=0.0,0.05,0.1,0.15,0.2,0.25,0.3,0.35,0.4,0.45,0.5,0.55,0.6,0.65,0.7,0.75,0.8,0.85,0.9,0.95,1
#gammaWS=0,0.01,0.02,0.03,0.04,0.05,0.06,0.07,0.08,0.09,0.1,0.11,0.12,0.13,0.14,0.15,0.16,0.17,0.18,0.19,0.2,0.21,0.22,0.23,0.24,0.25,0.26,0.27,0.28,0.29,0.3,0.32,0.34,0.36,0.38,0.4,0.42,0.44,0.46,0.48,0.5,0.5,0.52,0.54,0.56,0.58,0.6,0.62,0.64,0.66,0.68,0.7,0.72,0.74,0.76,0.78,0.8,0.82,0.84,0.86,0.88,0.9,0.92,0.94,0.96,0.98,1
#maxTermRound=11,12,13,14,15,16,17,18,19,20,21,22,23,24,25,26,27,28,29,30,32,34,36,39,42,45,48,50,60,70,80,90,100
#maxTermRound=11,12,13,14,15,16,17,18,19,20,21,22,23





